{
 "cells": [
  {
   "cell_type": "markdown",
   "id": "6f875f04",
   "metadata": {},
   "source": [
    "# Proyecto Final\n",
    "## Descriptión: \n",
    "### Creación, importación desde bases de datos y directorio actual, y procesamiento de tablas de estados-procesos termodinámicos usando Python y MySQL. Los cálculos realizados aquí pueden no tener sentido físico, por lo que muchos resultados se basan en procedimientos que tienen más como fin mostrar las capacidades del lenguaje Python y sus librerías."
   ]
  },
  {
   "cell_type": "code",
   "execution_count": 29,
   "id": "0a71b243",
   "metadata": {},
   "outputs": [
    {
     "name": "stdout",
     "output_type": "stream",
     "text": [
      "\n",
      "MAIN MENU\n",
      "(1)Create database\n",
      "(2)Delete database\n",
      "(3)Login to a database\n",
      "(4)Exit.\n",
      "\n",
      "Choose an option (1/2/3/4/5)\n",
      ">>>3\n",
      "List of databases: \n",
      "('information_schema',)\n",
      "('mydb_thermo',)\n",
      "('mysql',)\n",
      "('performance_schema',)\n",
      "('sys',)\n",
      "('testdb',)\n",
      "Ingrese el nombre de la base de datos a la cual desea entrar.\n",
      ">>>testdb\n",
      "Conexión exitosa.\n",
      "\n",
      "\n",
      "Directorio de trabajo actual: C:\\Users\\Windows 10\\Desktop\\UNIQUINDÍO\\5to Semestre\\Proyecto_Final\n",
      "Archivos y carpetas dentro: ['.git', '.ipynb_checkpoints', 'ficherosalida.log', 'imagen.jpeg', 'OtroDirectorio', 'Proyecto_Final.ipynb', 'Repaso.ipynb', 'tb_states77.xlsx', 'tb_states78.xlsx', 'tb_states79.xlsx', 'Untitled.sql'].\n",
      "Archivos válidos (de tipo .xlsx): ['tb_states77.xlsx', 'tb_states78.xlsx', 'tb_states79.xlsx']\n",
      "\n",
      "El archivo tb_states77.xlsx existe en el directorio actual C:\\Users\\Windows 10\\Desktop\\UNIQUINDÍO\\5to Semestre\\Proyecto_Final\n",
      "El archivo data_base1.xlsx existe en el directorio C:\\Users\\Windows 10\\Desktop\\UNIQUINDÍO\\5to Semestre\\Proyecto_Final\\OtroDirectorio\n",
      "El archivo tb_states78.xlsx existe en el directorio actual C:\\Users\\Windows 10\\Desktop\\UNIQUINDÍO\\5to Semestre\\Proyecto_Final\n",
      "El archivo test_table137.xlsx no existe en el directorio C:\\Users\\Windows 10\\Desktop\\UNIQUINDÍO\\5to Semestre\n",
      "Se ha inicializado la clase Process_data() y se han leído los archivos recibidos.\n",
      "\n",
      "MAIN MENU\n",
      "(1)Usar operaciones CRUD de MySQL\n",
      "(2)Procesar datos\n",
      "(3)Exit\n",
      "Choose an option (1/2/3)\n",
      ">>>2\n",
      "(1)Importar datos de mysql a pandas dataframe\n",
      " (2)Importar datos de mi directorio actual a pandas dataframe\n",
      " (3)¡Estoy listo para procesar mis datos!\n",
      ">>>1\n",
      "List of tables: \n",
      "('mitabla',)\n",
      "('nuevatabla',)\n",
      "('nuevatabla1',)\n",
      "('tablaaleatoria',)\n",
      "('tablaprueba',)\n",
      "('tb_processes1',)\n",
      "('tb_processes2',)\n",
      "('tb_states1',)\n",
      "('tb_states2',)\n",
      "Ingrese el nombre de la tabla\n",
      ">>>tb_states1\n",
      "[(1, 1.0, 2.0, 3.0), (2, 4.0, 5.0, 6.0), (3, 1.1, 2.2, 3.3), (4, 0.1, 0.2, 0.3), (5, 123.0, 456.0, 789.0)]\n",
      "   0      1      2      3\n",
      "0  1    1.0    2.0    3.0\n",
      "1  2    4.0    5.0    6.0\n",
      "2  3    1.1    2.2    3.3\n",
      "3  4    0.1    0.2    0.3\n",
      "4  5  123.0  456.0  789.0\n",
      "[('state', b'int', 'YES', '', None, ''), ('P', b'float(7,2)', 'YES', '', None, ''), ('V', b'float(7,2)', 'YES', '', None, ''), ('T', b'float(7,2)', 'YES', '', None, '')]\n",
      "['state', 'P', 'V', 'T']\n",
      "   state      P      V      T\n",
      "0      1    1.0    2.0    3.0\n",
      "1      2    4.0    5.0    6.0\n",
      "2      3    1.1    2.2    3.3\n",
      "3      4    0.1    0.2    0.3\n",
      "4      5  123.0  456.0  789.0\n",
      "\n",
      "Se ha importado desde mysql la tabla tb_states1 a dataframe con éxito.\n",
      "Nueva dataframe tb_states1:\n"
     ]
    },
    {
     "data": {
      "text/html": [
       "<div>\n",
       "<style scoped>\n",
       "    .dataframe tbody tr th:only-of-type {\n",
       "        vertical-align: middle;\n",
       "    }\n",
       "\n",
       "    .dataframe tbody tr th {\n",
       "        vertical-align: top;\n",
       "    }\n",
       "\n",
       "    .dataframe thead th {\n",
       "        text-align: right;\n",
       "    }\n",
       "</style>\n",
       "<table border=\"1\" class=\"dataframe\">\n",
       "  <thead>\n",
       "    <tr style=\"text-align: right;\">\n",
       "      <th></th>\n",
       "      <th>state</th>\n",
       "      <th>P</th>\n",
       "      <th>V</th>\n",
       "      <th>T</th>\n",
       "    </tr>\n",
       "  </thead>\n",
       "  <tbody>\n",
       "    <tr>\n",
       "      <th>0</th>\n",
       "      <td>1</td>\n",
       "      <td>1.0</td>\n",
       "      <td>2.0</td>\n",
       "      <td>3.0</td>\n",
       "    </tr>\n",
       "    <tr>\n",
       "      <th>1</th>\n",
       "      <td>2</td>\n",
       "      <td>4.0</td>\n",
       "      <td>5.0</td>\n",
       "      <td>6.0</td>\n",
       "    </tr>\n",
       "    <tr>\n",
       "      <th>2</th>\n",
       "      <td>3</td>\n",
       "      <td>1.1</td>\n",
       "      <td>2.2</td>\n",
       "      <td>3.3</td>\n",
       "    </tr>\n",
       "    <tr>\n",
       "      <th>3</th>\n",
       "      <td>4</td>\n",
       "      <td>0.1</td>\n",
       "      <td>0.2</td>\n",
       "      <td>0.3</td>\n",
       "    </tr>\n",
       "    <tr>\n",
       "      <th>4</th>\n",
       "      <td>5</td>\n",
       "      <td>123.0</td>\n",
       "      <td>456.0</td>\n",
       "      <td>789.0</td>\n",
       "    </tr>\n",
       "  </tbody>\n",
       "</table>\n",
       "</div>"
      ],
      "text/plain": [
       "   state      P      V      T\n",
       "0      1    1.0    2.0    3.0\n",
       "1      2    4.0    5.0    6.0\n",
       "2      3    1.1    2.2    3.3\n",
       "3      4    0.1    0.2    0.3\n",
       "4      5  123.0  456.0  789.0"
      ]
     },
     "metadata": {},
     "output_type": "display_data"
    },
    {
     "name": "stdout",
     "output_type": "stream",
     "text": [
      "Desea importar otra tabla de MySQL?\n",
      "(1)y\n",
      "(2)n\n",
      ">>>y\n",
      "List of tables: \n",
      "('mitabla',)\n",
      "('nuevatabla',)\n",
      "('nuevatabla1',)\n",
      "('tablaaleatoria',)\n",
      "('tablaprueba',)\n",
      "('tb_processes1',)\n",
      "('tb_processes2',)\n",
      "('tb_states1',)\n",
      "('tb_states2',)\n",
      "Ingrese el nombre de la tabla\n",
      ">>>tb_states2\n",
      "[(1, 63.34, 69.34, 68.59), (2, 61.32, 64.12, 52.57), (3, 35.26, 15.45, 50.97), (4, 60.99, 14.61, 72.7), (5, 17.84, 90.46, 35.82), (6, 96.68, 58.06, 95.24), (7, 75.95, 48.93, 14.46), (8, 56.64, 33.84, 44.01), (9, 12.86, 84.0, 52.02), (10, 32.64, 26.25, 7.0), (11, 47.59, 85.62, 27.21), (12, 25.83, 56.88, 12.75), (13, 26.59, 28.77, 85.39), (14, 39.46, 14.91, 53.26), (15, 80.55, 31.3, 20.95), (16, 50.34, 2.97, 48.15), (17, 86.92, 76.84, 14.61), (18, 25.37, 19.71, 96.08), (19, 65.68, 90.05, 98.91), (20, 36.16, 48.06, 53.62)]\n",
      "     0      1      2      3\n",
      "0    1  63.34  69.34  68.59\n",
      "1    2  61.32  64.12  52.57\n",
      "2    3  35.26  15.45  50.97\n",
      "3    4  60.99  14.61  72.70\n",
      "4    5  17.84  90.46  35.82\n",
      "5    6  96.68  58.06  95.24\n",
      "6    7  75.95  48.93  14.46\n",
      "7    8  56.64  33.84  44.01\n",
      "8    9  12.86  84.00  52.02\n",
      "9   10  32.64  26.25   7.00\n",
      "10  11  47.59  85.62  27.21\n",
      "11  12  25.83  56.88  12.75\n",
      "12  13  26.59  28.77  85.39\n",
      "13  14  39.46  14.91  53.26\n",
      "14  15  80.55  31.30  20.95\n",
      "15  16  50.34   2.97  48.15\n",
      "16  17  86.92  76.84  14.61\n",
      "17  18  25.37  19.71  96.08\n",
      "18  19  65.68  90.05  98.91\n",
      "19  20  36.16  48.06  53.62\n",
      "[('state', b'int', 'YES', '', None, ''), ('P', b'float(7,2)', 'YES', '', None, ''), ('V', b'float(7,2)', 'YES', '', None, ''), ('T', b'float(7,2)', 'YES', '', None, '')]\n",
      "['state', 'P', 'V', 'T']\n",
      "    state      P      V      T\n",
      "0       1  63.34  69.34  68.59\n",
      "1       2  61.32  64.12  52.57\n",
      "2       3  35.26  15.45  50.97\n",
      "3       4  60.99  14.61  72.70\n",
      "4       5  17.84  90.46  35.82\n",
      "5       6  96.68  58.06  95.24\n",
      "6       7  75.95  48.93  14.46\n",
      "7       8  56.64  33.84  44.01\n",
      "8       9  12.86  84.00  52.02\n",
      "9      10  32.64  26.25   7.00\n",
      "10     11  47.59  85.62  27.21\n",
      "11     12  25.83  56.88  12.75\n",
      "12     13  26.59  28.77  85.39\n",
      "13     14  39.46  14.91  53.26\n",
      "14     15  80.55  31.30  20.95\n",
      "15     16  50.34   2.97  48.15\n",
      "16     17  86.92  76.84  14.61\n",
      "17     18  25.37  19.71  96.08\n",
      "18     19  65.68  90.05  98.91\n",
      "19     20  36.16  48.06  53.62\n",
      "\n",
      "Se ha importado desde mysql la tabla tb_states2 a dataframe con éxito.\n",
      "Nueva dataframe tb_states2:\n"
     ]
    },
    {
     "data": {
      "text/html": [
       "<div>\n",
       "<style scoped>\n",
       "    .dataframe tbody tr th:only-of-type {\n",
       "        vertical-align: middle;\n",
       "    }\n",
       "\n",
       "    .dataframe tbody tr th {\n",
       "        vertical-align: top;\n",
       "    }\n",
       "\n",
       "    .dataframe thead th {\n",
       "        text-align: right;\n",
       "    }\n",
       "</style>\n",
       "<table border=\"1\" class=\"dataframe\">\n",
       "  <thead>\n",
       "    <tr style=\"text-align: right;\">\n",
       "      <th></th>\n",
       "      <th>state</th>\n",
       "      <th>P</th>\n",
       "      <th>V</th>\n",
       "      <th>T</th>\n",
       "    </tr>\n",
       "  </thead>\n",
       "  <tbody>\n",
       "    <tr>\n",
       "      <th>0</th>\n",
       "      <td>1</td>\n",
       "      <td>63.34</td>\n",
       "      <td>69.34</td>\n",
       "      <td>68.59</td>\n",
       "    </tr>\n",
       "    <tr>\n",
       "      <th>1</th>\n",
       "      <td>2</td>\n",
       "      <td>61.32</td>\n",
       "      <td>64.12</td>\n",
       "      <td>52.57</td>\n",
       "    </tr>\n",
       "    <tr>\n",
       "      <th>2</th>\n",
       "      <td>3</td>\n",
       "      <td>35.26</td>\n",
       "      <td>15.45</td>\n",
       "      <td>50.97</td>\n",
       "    </tr>\n",
       "    <tr>\n",
       "      <th>3</th>\n",
       "      <td>4</td>\n",
       "      <td>60.99</td>\n",
       "      <td>14.61</td>\n",
       "      <td>72.70</td>\n",
       "    </tr>\n",
       "    <tr>\n",
       "      <th>4</th>\n",
       "      <td>5</td>\n",
       "      <td>17.84</td>\n",
       "      <td>90.46</td>\n",
       "      <td>35.82</td>\n",
       "    </tr>\n",
       "    <tr>\n",
       "      <th>5</th>\n",
       "      <td>6</td>\n",
       "      <td>96.68</td>\n",
       "      <td>58.06</td>\n",
       "      <td>95.24</td>\n",
       "    </tr>\n",
       "    <tr>\n",
       "      <th>6</th>\n",
       "      <td>7</td>\n",
       "      <td>75.95</td>\n",
       "      <td>48.93</td>\n",
       "      <td>14.46</td>\n",
       "    </tr>\n",
       "    <tr>\n",
       "      <th>7</th>\n",
       "      <td>8</td>\n",
       "      <td>56.64</td>\n",
       "      <td>33.84</td>\n",
       "      <td>44.01</td>\n",
       "    </tr>\n",
       "    <tr>\n",
       "      <th>8</th>\n",
       "      <td>9</td>\n",
       "      <td>12.86</td>\n",
       "      <td>84.00</td>\n",
       "      <td>52.02</td>\n",
       "    </tr>\n",
       "    <tr>\n",
       "      <th>9</th>\n",
       "      <td>10</td>\n",
       "      <td>32.64</td>\n",
       "      <td>26.25</td>\n",
       "      <td>7.00</td>\n",
       "    </tr>\n",
       "    <tr>\n",
       "      <th>10</th>\n",
       "      <td>11</td>\n",
       "      <td>47.59</td>\n",
       "      <td>85.62</td>\n",
       "      <td>27.21</td>\n",
       "    </tr>\n",
       "    <tr>\n",
       "      <th>11</th>\n",
       "      <td>12</td>\n",
       "      <td>25.83</td>\n",
       "      <td>56.88</td>\n",
       "      <td>12.75</td>\n",
       "    </tr>\n",
       "    <tr>\n",
       "      <th>12</th>\n",
       "      <td>13</td>\n",
       "      <td>26.59</td>\n",
       "      <td>28.77</td>\n",
       "      <td>85.39</td>\n",
       "    </tr>\n",
       "    <tr>\n",
       "      <th>13</th>\n",
       "      <td>14</td>\n",
       "      <td>39.46</td>\n",
       "      <td>14.91</td>\n",
       "      <td>53.26</td>\n",
       "    </tr>\n",
       "    <tr>\n",
       "      <th>14</th>\n",
       "      <td>15</td>\n",
       "      <td>80.55</td>\n",
       "      <td>31.30</td>\n",
       "      <td>20.95</td>\n",
       "    </tr>\n",
       "    <tr>\n",
       "      <th>15</th>\n",
       "      <td>16</td>\n",
       "      <td>50.34</td>\n",
       "      <td>2.97</td>\n",
       "      <td>48.15</td>\n",
       "    </tr>\n",
       "    <tr>\n",
       "      <th>16</th>\n",
       "      <td>17</td>\n",
       "      <td>86.92</td>\n",
       "      <td>76.84</td>\n",
       "      <td>14.61</td>\n",
       "    </tr>\n",
       "    <tr>\n",
       "      <th>17</th>\n",
       "      <td>18</td>\n",
       "      <td>25.37</td>\n",
       "      <td>19.71</td>\n",
       "      <td>96.08</td>\n",
       "    </tr>\n",
       "    <tr>\n",
       "      <th>18</th>\n",
       "      <td>19</td>\n",
       "      <td>65.68</td>\n",
       "      <td>90.05</td>\n",
       "      <td>98.91</td>\n",
       "    </tr>\n",
       "    <tr>\n",
       "      <th>19</th>\n",
       "      <td>20</td>\n",
       "      <td>36.16</td>\n",
       "      <td>48.06</td>\n",
       "      <td>53.62</td>\n",
       "    </tr>\n",
       "  </tbody>\n",
       "</table>\n",
       "</div>"
      ],
      "text/plain": [
       "    state      P      V      T\n",
       "0       1  63.34  69.34  68.59\n",
       "1       2  61.32  64.12  52.57\n",
       "2       3  35.26  15.45  50.97\n",
       "3       4  60.99  14.61  72.70\n",
       "4       5  17.84  90.46  35.82\n",
       "5       6  96.68  58.06  95.24\n",
       "6       7  75.95  48.93  14.46\n",
       "7       8  56.64  33.84  44.01\n",
       "8       9  12.86  84.00  52.02\n",
       "9      10  32.64  26.25   7.00\n",
       "10     11  47.59  85.62  27.21\n",
       "11     12  25.83  56.88  12.75\n",
       "12     13  26.59  28.77  85.39\n",
       "13     14  39.46  14.91  53.26\n",
       "14     15  80.55  31.30  20.95\n",
       "15     16  50.34   2.97  48.15\n",
       "16     17  86.92  76.84  14.61\n",
       "17     18  25.37  19.71  96.08\n",
       "18     19  65.68  90.05  98.91\n",
       "19     20  36.16  48.06  53.62"
      ]
     },
     "metadata": {},
     "output_type": "display_data"
    },
    {
     "name": "stdout",
     "output_type": "stream",
     "text": [
      "Desea importar otra tabla de MySQL?\n",
      "(1)y\n",
      "(2)n\n",
      ">>>y\n",
      "List of tables: \n",
      "('mitabla',)\n",
      "('nuevatabla',)\n",
      "('nuevatabla1',)\n",
      "('tablaaleatoria',)\n",
      "('tablaprueba',)\n",
      "('tb_processes1',)\n",
      "('tb_processes2',)\n",
      "('tb_states1',)\n",
      "('tb_states2',)\n",
      "Ingrese el nombre de la tabla\n",
      ">>>tb_processes1\n",
      "[('1-2', 'adiabatic'), ('2-3', 'isothermal'), ('3-4', 'isochoric'), ('4-5', 'isobaric')]\n",
      "     0           1\n",
      "0  1-2   adiabatic\n",
      "1  2-3  isothermal\n",
      "2  3-4   isochoric\n",
      "3  4-5    isobaric\n",
      "[('initial_final_states', b'varchar(255)', 'YES', '', None, ''), ('type_of_process', b'varchar(255)', 'YES', '', None, '')]\n",
      "['initial_final_states', 'type_of_process']\n",
      "  initial_final_states type_of_process\n",
      "0                  1-2       adiabatic\n",
      "1                  2-3      isothermal\n",
      "2                  3-4       isochoric\n",
      "3                  4-5        isobaric\n",
      "\n",
      "Se ha importado desde mysql la tabla tb_processes1 a dataframe con éxito.\n",
      "Nueva dataframe tb_processes1:\n"
     ]
    },
    {
     "data": {
      "text/html": [
       "<div>\n",
       "<style scoped>\n",
       "    .dataframe tbody tr th:only-of-type {\n",
       "        vertical-align: middle;\n",
       "    }\n",
       "\n",
       "    .dataframe tbody tr th {\n",
       "        vertical-align: top;\n",
       "    }\n",
       "\n",
       "    .dataframe thead th {\n",
       "        text-align: right;\n",
       "    }\n",
       "</style>\n",
       "<table border=\"1\" class=\"dataframe\">\n",
       "  <thead>\n",
       "    <tr style=\"text-align: right;\">\n",
       "      <th></th>\n",
       "      <th>initial_final_states</th>\n",
       "      <th>type_of_process</th>\n",
       "    </tr>\n",
       "  </thead>\n",
       "  <tbody>\n",
       "    <tr>\n",
       "      <th>0</th>\n",
       "      <td>1-2</td>\n",
       "      <td>adiabatic</td>\n",
       "    </tr>\n",
       "    <tr>\n",
       "      <th>1</th>\n",
       "      <td>2-3</td>\n",
       "      <td>isothermal</td>\n",
       "    </tr>\n",
       "    <tr>\n",
       "      <th>2</th>\n",
       "      <td>3-4</td>\n",
       "      <td>isochoric</td>\n",
       "    </tr>\n",
       "    <tr>\n",
       "      <th>3</th>\n",
       "      <td>4-5</td>\n",
       "      <td>isobaric</td>\n",
       "    </tr>\n",
       "  </tbody>\n",
       "</table>\n",
       "</div>"
      ],
      "text/plain": [
       "  initial_final_states type_of_process\n",
       "0                  1-2       adiabatic\n",
       "1                  2-3      isothermal\n",
       "2                  3-4       isochoric\n",
       "3                  4-5        isobaric"
      ]
     },
     "metadata": {},
     "output_type": "display_data"
    },
    {
     "name": "stdout",
     "output_type": "stream",
     "text": [
      "Desea importar otra tabla de MySQL?\n",
      "(1)y\n",
      "(2)n\n",
      ">>>y\n",
      "List of tables: \n",
      "('mitabla',)\n",
      "('nuevatabla',)\n",
      "('nuevatabla1',)\n",
      "('tablaaleatoria',)\n",
      "('tablaprueba',)\n",
      "('tb_processes1',)\n",
      "('tb_processes2',)\n",
      "('tb_states1',)\n",
      "('tb_states2',)\n",
      "Ingrese el nombre de la tabla\n",
      ">>>tb_processes2\n",
      "[('1-2', 'isobaric'), ('2-3', 'isochoric'), ('3-4', 'adiabatic'), ('4-5', 'adiabatic'), ('5-6', 'isobaric'), ('6-7', 'isobaric'), ('7-8', 'isothermal'), ('8-9', 'adiabatic'), ('9-10', 'adiabatic'), ('10-11', 'isochoric'), ('11-12', 'isochoric'), ('12-13', 'isochoric'), ('13-14', 'isothermal'), ('14-15', 'isobaric'), ('15-16', 'isobaric'), ('16-17', 'adiabatic'), ('17-18', 'isochoric'), ('18-19', 'adiabatic'), ('19-20', 'isochoric')]\n",
      "        0           1\n",
      "0     1-2    isobaric\n",
      "1     2-3   isochoric\n",
      "2     3-4   adiabatic\n",
      "3     4-5   adiabatic\n",
      "4     5-6    isobaric\n",
      "5     6-7    isobaric\n",
      "6     7-8  isothermal\n",
      "7     8-9   adiabatic\n",
      "8    9-10   adiabatic\n",
      "9   10-11   isochoric\n",
      "10  11-12   isochoric\n",
      "11  12-13   isochoric\n",
      "12  13-14  isothermal\n",
      "13  14-15    isobaric\n",
      "14  15-16    isobaric\n",
      "15  16-17   adiabatic\n",
      "16  17-18   isochoric\n",
      "17  18-19   adiabatic\n",
      "18  19-20   isochoric\n",
      "[('initial_final_states', b'varchar(255)', 'YES', '', None, ''), ('type_of_process', b'varchar(255)', 'YES', '', None, '')]\n",
      "['initial_final_states', 'type_of_process']\n",
      "   initial_final_states type_of_process\n",
      "0                   1-2        isobaric\n",
      "1                   2-3       isochoric\n",
      "2                   3-4       adiabatic\n",
      "3                   4-5       adiabatic\n",
      "4                   5-6        isobaric\n",
      "5                   6-7        isobaric\n",
      "6                   7-8      isothermal\n",
      "7                   8-9       adiabatic\n",
      "8                  9-10       adiabatic\n",
      "9                 10-11       isochoric\n",
      "10                11-12       isochoric\n",
      "11                12-13       isochoric\n",
      "12                13-14      isothermal\n",
      "13                14-15        isobaric\n",
      "14                15-16        isobaric\n",
      "15                16-17       adiabatic\n",
      "16                17-18       isochoric\n",
      "17                18-19       adiabatic\n",
      "18                19-20       isochoric\n",
      "\n",
      "Se ha importado desde mysql la tabla tb_processes2 a dataframe con éxito.\n",
      "Nueva dataframe tb_processes2:\n"
     ]
    },
    {
     "data": {
      "text/html": [
       "<div>\n",
       "<style scoped>\n",
       "    .dataframe tbody tr th:only-of-type {\n",
       "        vertical-align: middle;\n",
       "    }\n",
       "\n",
       "    .dataframe tbody tr th {\n",
       "        vertical-align: top;\n",
       "    }\n",
       "\n",
       "    .dataframe thead th {\n",
       "        text-align: right;\n",
       "    }\n",
       "</style>\n",
       "<table border=\"1\" class=\"dataframe\">\n",
       "  <thead>\n",
       "    <tr style=\"text-align: right;\">\n",
       "      <th></th>\n",
       "      <th>initial_final_states</th>\n",
       "      <th>type_of_process</th>\n",
       "    </tr>\n",
       "  </thead>\n",
       "  <tbody>\n",
       "    <tr>\n",
       "      <th>0</th>\n",
       "      <td>1-2</td>\n",
       "      <td>isobaric</td>\n",
       "    </tr>\n",
       "    <tr>\n",
       "      <th>1</th>\n",
       "      <td>2-3</td>\n",
       "      <td>isochoric</td>\n",
       "    </tr>\n",
       "    <tr>\n",
       "      <th>2</th>\n",
       "      <td>3-4</td>\n",
       "      <td>adiabatic</td>\n",
       "    </tr>\n",
       "    <tr>\n",
       "      <th>3</th>\n",
       "      <td>4-5</td>\n",
       "      <td>adiabatic</td>\n",
       "    </tr>\n",
       "    <tr>\n",
       "      <th>4</th>\n",
       "      <td>5-6</td>\n",
       "      <td>isobaric</td>\n",
       "    </tr>\n",
       "    <tr>\n",
       "      <th>5</th>\n",
       "      <td>6-7</td>\n",
       "      <td>isobaric</td>\n",
       "    </tr>\n",
       "    <tr>\n",
       "      <th>6</th>\n",
       "      <td>7-8</td>\n",
       "      <td>isothermal</td>\n",
       "    </tr>\n",
       "    <tr>\n",
       "      <th>7</th>\n",
       "      <td>8-9</td>\n",
       "      <td>adiabatic</td>\n",
       "    </tr>\n",
       "    <tr>\n",
       "      <th>8</th>\n",
       "      <td>9-10</td>\n",
       "      <td>adiabatic</td>\n",
       "    </tr>\n",
       "    <tr>\n",
       "      <th>9</th>\n",
       "      <td>10-11</td>\n",
       "      <td>isochoric</td>\n",
       "    </tr>\n",
       "    <tr>\n",
       "      <th>10</th>\n",
       "      <td>11-12</td>\n",
       "      <td>isochoric</td>\n",
       "    </tr>\n",
       "    <tr>\n",
       "      <th>11</th>\n",
       "      <td>12-13</td>\n",
       "      <td>isochoric</td>\n",
       "    </tr>\n",
       "    <tr>\n",
       "      <th>12</th>\n",
       "      <td>13-14</td>\n",
       "      <td>isothermal</td>\n",
       "    </tr>\n",
       "    <tr>\n",
       "      <th>13</th>\n",
       "      <td>14-15</td>\n",
       "      <td>isobaric</td>\n",
       "    </tr>\n",
       "    <tr>\n",
       "      <th>14</th>\n",
       "      <td>15-16</td>\n",
       "      <td>isobaric</td>\n",
       "    </tr>\n",
       "    <tr>\n",
       "      <th>15</th>\n",
       "      <td>16-17</td>\n",
       "      <td>adiabatic</td>\n",
       "    </tr>\n",
       "    <tr>\n",
       "      <th>16</th>\n",
       "      <td>17-18</td>\n",
       "      <td>isochoric</td>\n",
       "    </tr>\n",
       "    <tr>\n",
       "      <th>17</th>\n",
       "      <td>18-19</td>\n",
       "      <td>adiabatic</td>\n",
       "    </tr>\n",
       "    <tr>\n",
       "      <th>18</th>\n",
       "      <td>19-20</td>\n",
       "      <td>isochoric</td>\n",
       "    </tr>\n",
       "  </tbody>\n",
       "</table>\n",
       "</div>"
      ],
      "text/plain": [
       "   initial_final_states type_of_process\n",
       "0                   1-2        isobaric\n",
       "1                   2-3       isochoric\n",
       "2                   3-4       adiabatic\n",
       "3                   4-5       adiabatic\n",
       "4                   5-6        isobaric\n",
       "5                   6-7        isobaric\n",
       "6                   7-8      isothermal\n",
       "7                   8-9       adiabatic\n",
       "8                  9-10       adiabatic\n",
       "9                 10-11       isochoric\n",
       "10                11-12       isochoric\n",
       "11                12-13       isochoric\n",
       "12                13-14      isothermal\n",
       "13                14-15        isobaric\n",
       "14                15-16        isobaric\n",
       "15                16-17       adiabatic\n",
       "16                17-18       isochoric\n",
       "17                18-19       adiabatic\n",
       "18                19-20       isochoric"
      ]
     },
     "metadata": {},
     "output_type": "display_data"
    },
    {
     "name": "stdout",
     "output_type": "stream",
     "text": [
      "Desea importar otra tabla de MySQL?\n",
      "(1)y\n",
      "(2)n\n",
      ">>>n\n",
      "(1)Importar datos de mysql a pandas dataframe\n",
      " (2)Importar datos de mi directorio actual a pandas dataframe\n",
      " (3)¡Estoy listo para procesar mis datos!\n",
      ">>>3\n",
      "{'tb_states1':    state      P      V      T\n",
      "0      1    1.0    2.0    3.0\n",
      "1      2    4.0    5.0    6.0\n",
      "2      3    1.1    2.2    3.3\n",
      "3      4    0.1    0.2    0.3\n",
      "4      5  123.0  456.0  789.0, 'tb_states2':     state      P      V      T\n",
      "0       1  63.34  69.34  68.59\n",
      "1       2  61.32  64.12  52.57\n",
      "2       3  35.26  15.45  50.97\n",
      "3       4  60.99  14.61  72.70\n",
      "4       5  17.84  90.46  35.82\n",
      "5       6  96.68  58.06  95.24\n",
      "6       7  75.95  48.93  14.46\n",
      "7       8  56.64  33.84  44.01\n",
      "8       9  12.86  84.00  52.02\n",
      "9      10  32.64  26.25   7.00\n",
      "10     11  47.59  85.62  27.21\n",
      "11     12  25.83  56.88  12.75\n",
      "12     13  26.59  28.77  85.39\n",
      "13     14  39.46  14.91  53.26\n",
      "14     15  80.55  31.30  20.95\n",
      "15     16  50.34   2.97  48.15\n",
      "16     17  86.92  76.84  14.61\n",
      "17     18  25.37  19.71  96.08\n",
      "18     19  65.68  90.05  98.91\n",
      "19     20  36.16  48.06  53.62, 'tb_processes1':   initial_final_states type_of_process\n",
      "0                  1-2       adiabatic\n",
      "1                  2-3      isothermal\n",
      "2                  3-4       isochoric\n",
      "3                  4-5        isobaric, 'tb_processes2':    initial_final_states type_of_process\n",
      "0                   1-2        isobaric\n",
      "1                   2-3       isochoric\n",
      "2                   3-4       adiabatic\n",
      "3                   4-5       adiabatic\n",
      "4                   5-6        isobaric\n",
      "5                   6-7        isobaric\n",
      "6                   7-8      isothermal\n",
      "7                   8-9       adiabatic\n",
      "8                  9-10       adiabatic\n",
      "9                 10-11       isochoric\n",
      "10                11-12       isochoric\n",
      "11                12-13       isochoric\n",
      "12                13-14      isothermal\n",
      "13                14-15        isobaric\n",
      "14                15-16        isobaric\n",
      "15                16-17       adiabatic\n",
      "16                17-18       isochoric\n",
      "17                18-19       adiabatic\n",
      "18                19-20       isochoric}\n",
      "Tienes varias tablas para procesar. Elige qué acción quieres efectuar sobre ellas:\n",
      "(1)Calcular calor y trabajo total en cada tabla\n",
      " (2)Resolver un sistema AX=Y\n",
      " (3)Mostrar un gráfico de regresión lineal con scatter y un gráfico de caja y bigote\n",
      " (4)Ingresar función de dos variables y graficar, dadas dos columnas elegida por el usuario alguna tabla. (funcion lambda) (5)Exit\n",
      ">>>2\n",
      "\n",
      "Matriz a procesar:\n",
      "[[1.0  1.0  2.0  3.0]\n",
      " [2.0  4.0  5.0  6.0]\n",
      " [3.0  1.1  2.2  3.3]\n",
      " [4.0  0.1  0.2  0.3]\n",
      " [5.0  123.0  456.0  789.0]]\n",
      "Tamaño de matriz: 5x4\n",
      "\n",
      "Matrix transpuesta:\n",
      "[[1.0  2.0  3.0  4.0  5.0]\n",
      " [1.0  4.0  1.1  0.1  123.0]\n",
      " [2.0  5.0  2.2  0.2  456.0]\n",
      " [3.0  6.0  3.3  0.3  789.0]]\n",
      "\n",
      "Matriz convertida a cuadrada:\n",
      "[[1.0  1.0  2.0  3.0  76.7]\n",
      " [2.0  4.0  5.0  6.0  85.6]\n",
      " [3.0  1.1  2.2  3.3  99.0]\n",
      " [4.0  0.1  0.2  0.3  17.0]\n",
      " [5.0  123.0  456.0  789.0  45.2]]\n",
      "Tamaño de nueva matriz: 5x5\n",
      "\n",
      "Matriz cuadrada transpuesta:\n",
      "[[1.0  2.0  3.0  4.0  5.0]\n",
      " [1.0  4.0  1.1  0.1  123.0]\n",
      " [2.0  5.0  2.2  0.2  456.0]\n",
      " [3.0  6.0  3.3  0.3  789.0]\n",
      " [76.7  85.6  99.0  17.0  45.2]]\n",
      "\n",
      "Determinante:\n",
      "1.968335092250585e-08\n",
      "\n",
      "Inversa:\n",
      "[[0.2, -0.004687500000000001, -0.5, 0.6000000000000001, -9.765625e-05], [17612623041923.68, -419608431130.9744, -14417845371822.178, 6627525491649.985, -5994406159.021117], [-35225246083847.805, 839216862262.7434, 28835690743644.055, -13255050983300.006, 11988812318.039305], [17612623041923.934, -419608431131.4335, -14417845371822.0, 6627525491650.003, -5994406159.018154], [0.008433889566551856, -0.002684522515056192, 0.0069201145161451125, -0.0059083591191641275, -3.8350321643660786e-05]]\n",
      "\n",
      "Autovalores y autovectores:\n",
      "([291.60800692852285, -236.63623412668076, -4.495389168131562, -5.859573504973185e-15, 2.2236163662896997], [[0.2359665276288435, -0.2690187303790215, 0.6423989065366645, -2.0075173111093215e-15, -0.03265315614030783], [0.270131192932829, -0.29100678628462934, 0.27549831928578017, 0.40824829046385297, 0.9892760722357844], [0.3052714653353032, -0.34621887120323075, 0.5977721958694192, -0.8164965809277294, -0.11005874523600409], [0.054921586064339396, -0.05592242825337408, -0.3893520836010037, 0.4082482904638667, -0.09002391446967005], [0.8804214265223712, 0.8484981722328919, -0.04997677252702354, -4.301822809519975e-16, -0.007027924049792019]])\n",
      "\n",
      "La solución del sistema Ax=b, donde\n",
      "b = [[-39.357465362569386], [71.09270508749626], [5.414843620571247], [56.17156868844967], [42.13675715089067]]\n",
      "A = [[1.0, 1.0, 2.0, 3.0, 76.7], [2.0, 4.0, 5.0, 6.0, 85.6], [3.0, 1.1, 2.2, 3.3, 99.0], [4.0, 0.1, 0.2, 0.3, 17.0], [5.0, 123.0, 456.0, 789.0, 45.2]]\n",
      "es\n",
      "x = [[14.4], [-429063759245036.3], [858127518490142.5], [-429063759245076.7], [-0.818812904297476]]\n",
      "\n",
      "PROCESAMIENTO DE LA SIGUIENTE TABLA DE DATOS\n",
      "\n",
      "\n",
      "Matriz a procesar:\n",
      "[[1.0  63.34  69.34  68.59]\n",
      " [2.0  61.32  64.12  52.57]\n",
      " [3.0  35.26  15.45  50.97]\n",
      " [4.0  60.99  14.61  72.7]\n",
      " [5.0  17.84  90.46  35.82]\n",
      " [6.0  96.68  58.06  95.24]\n",
      " [7.0  75.95  48.93  14.46]\n",
      " [8.0  56.64  33.84  44.01]\n",
      " [9.0  12.86  84.0  52.02]\n",
      " [10.0  32.64  26.25  7.0]\n",
      " [11.0  47.59  85.62  27.21]\n",
      " [12.0  25.83  56.88  12.75]\n",
      " [13.0  26.59  28.77  85.39]\n",
      " [14.0  39.46  14.91  53.26]\n",
      " [15.0  80.55  31.3  20.95]\n",
      " [16.0  50.34  2.97  48.15]\n",
      " [17.0  86.92  76.84  14.61]\n",
      " [18.0  25.37  19.71  96.08]\n",
      " [19.0  65.68  90.05  98.91]\n",
      " [20.0  36.16  48.06  53.62]]\n",
      "Tamaño de matriz: 20x4\n",
      "\n",
      "Matrix transpuesta:\n",
      "[[1.0  2.0  3.0  4.0  5.0  6.0  7.0  8.0  9.0  10.0  11.0  12.0  13.0  14.0  15.0  16.0  17.0  18.0  19.0  20.0]\n",
      " [63.34  61.32  35.26  60.99  17.84  96.68  75.95  56.64  12.86  32.64  47.59  25.83  26.59  39.46  80.55  50.34  86.92  25.37  65.68  36.16]\n",
      " [69.34  64.12  15.45  14.61  90.46  58.06  48.93  33.84  84.0  26.25  85.62  56.88  28.77  14.91  31.3  2.97  76.84  19.71  90.05  48.06]\n",
      " [68.59  52.57  50.97  72.7  35.82  95.24  14.46  44.01  52.02  7.0  27.21  12.75  85.39  53.26  20.95  48.15  14.61  96.08  98.91  53.62]]\n",
      "\n",
      "Matriz convertida a cuadrada:\n",
      "[[1.0  63.34  69.34  68.59  25.8  90.8  78.9  39.1  26.5  50.6  58.0  97.2  5.2  83.4  45.6  3.9  31.1  19.6  24.2  93.0]\n",
      " [2.0  61.32  64.12  52.57  9.1  10.2  3.4  61.6  64.2  39.6  17.0  2.6  14.0  52.1  46.2  69.6  20.2  98.2  38.8  92.2]\n",
      " [3.0  35.26  15.45  50.97  27.6  53.6  83.7  46.5  87.6  13.9  23.3  87.3  77.9  32.9  29.8  64.8  65.0  19.1  96.0  84.9]\n",
      " [4.0  60.99  14.61  72.7  46.5  43.7  8.4  87.4  29.9  37.2  56.8  9.2  37.8  59.2  76.8  51.8  58.8  74.5  39.4  43.3]\n",
      " [5.0  17.84  90.46  35.82  92.3  13.0  10.6  58.5  17.5  10.4  2.8  68.4  16.9  17.5  85.5  66.3  69.4  97.8  91.6  59.2]\n",
      " [6.0  96.68  58.06  95.24  83.9  4.4  90.6  70.7  91.7  99.1  27.1  18.1  21.6  27.1  77.0  51.1  5.8  87.9  39.0  32.0]\n",
      " [7.0  75.95  48.93  14.46  26.0  10.4  49.9  93.4  40.6  82.0  98.5  44.2  61.5  45.1  98.6  98.6  34.8  43.1  51.9  30.0]\n",
      " [8.0  56.64  33.84  44.01  28.1  20.7  31.0  16.2  80.6  69.8  69.5  33.4  79.8  47.8  41.2  29.7  63.6  46.8  75.7  53.5]\n",
      " [9.0  12.86  84.0  52.02  91.3  11.3  81.4  83.7  22.0  28.3  80.3  83.3  97.0  93.0  84.1  84.4  20.3  42.6  3.2  25.9]\n",
      " [10.0  32.64  26.25  7.0  60.3  44.7  23.3  94.7  94.6  18.9  82.1  1.6  71.5  96.0  40.8  24.5  88.0  8.4  22.9  66.7]\n",
      " [11.0  47.59  85.62  27.21  31.4  29.8  74.2  52.7  47.2  61.0  12.2  39.5  67.9  91.9  69.2  81.9  51.3  65.1  81.5  24.0]\n",
      " [12.0  25.83  56.88  12.75  31.4  11.2  27.4  65.1  36.7  95.3  15.6  85.4  39.7  63.2  25.2  47.8  60.1  10.3  6.3  93.2]\n",
      " [13.0  26.59  28.77  85.39  80.0  29.9  99.4  51.4  89.4  92.3  68.1  42.9  97.6  48.6  0.3  70.6  83.2  4.7  1.1  35.8]\n",
      " [14.0  39.46  14.91  53.26  29.7  3.7  35.8  29.8  21.0  62.4  40.1  67.8  52.7  53.1  95.2  59.2  69.6  66.9  31.7  49.8]\n",
      " [15.0  80.55  31.3  20.95  0.8  58.8  45.6  16.3  93.8  56.0  14.2  40.5  22.2  50.1  72.1  44.7  2.3  30.5  63.2  15.9]\n",
      " [16.0  50.34  2.97  48.15  21.3  42.6  55.0  63.0  51.0  40.6  77.1  68.3  47.8  19.1  29.4  9.8  11.5  98.7  53.3  36.9]\n",
      " [17.0  86.92  76.84  14.61  99.9  57.1  68.4  59.8  84.7  88.8  57.5  86.1  16.2  78.5  65.9  68.4  72.4  79.1  50.3  3.5]\n",
      " [18.0  25.37  19.71  96.08  41.9  24.6  58.4  84.0  31.2  45.4  2.3  59.8  7.9  60.2  20.6  9.7  24.2  48.9  75.3  75.9]\n",
      " [19.0  65.68  90.05  98.91  19.4  83.6  86.6  30.9  39.4  55.1  52.2  40.4  23.2  98.8  28.0  83.0  84.6  29.6  34.6  80.3]\n",
      " [20.0  36.16  48.06  53.62  80.0  53.8  75.0  2.6  16.6  83.6  73.2  14.5  68.0  48.8  66.8  45.0  3.2  59.0  43.6  83.5]]\n",
      "Tamaño de nueva matriz: 20x20\n",
      "\n",
      "Matriz cuadrada transpuesta:\n",
      "[[1.0  2.0  3.0  4.0  5.0  6.0  7.0  8.0  9.0  10.0  11.0  12.0  13.0  14.0  15.0  16.0  17.0  18.0  19.0  20.0]\n",
      " [63.34  61.32  35.26  60.99  17.84  96.68  75.95  56.64  12.86  32.64  47.59  25.83  26.59  39.46  80.55  50.34  86.92  25.37  65.68  36.16]\n",
      " [69.34  64.12  15.45  14.61  90.46  58.06  48.93  33.84  84.0  26.25  85.62  56.88  28.77  14.91  31.3  2.97  76.84  19.71  90.05  48.06]\n",
      " [68.59  52.57  50.97  72.7  35.82  95.24  14.46  44.01  52.02  7.0  27.21  12.75  85.39  53.26  20.95  48.15  14.61  96.08  98.91  53.62]\n",
      " [25.8  9.1  27.6  46.5  92.3  83.9  26.0  28.1  91.3  60.3  31.4  31.4  80.0  29.7  0.8  21.3  99.9  41.9  19.4  80.0]\n",
      " [90.8  10.2  53.6  43.7  13.0  4.4  10.4  20.7  11.3  44.7  29.8  11.2  29.9  3.7  58.8  42.6  57.1  24.6  83.6  53.8]\n",
      " [78.9  3.4  83.7  8.4  10.6  90.6  49.9  31.0  81.4  23.3  74.2  27.4  99.4  35.8  45.6  55.0  68.4  58.4  86.6  75.0]\n",
      " [39.1  61.6  46.5  87.4  58.5  70.7  93.4  16.2  83.7  94.7  52.7  65.1  51.4  29.8  16.3  63.0  59.8  84.0  30.9  2.6]\n",
      " [26.5  64.2  87.6  29.9  17.5  91.7  40.6  80.6  22.0  94.6  47.2  36.7  89.4  21.0  93.8  51.0  84.7  31.2  39.4  16.6]\n",
      " [50.6  39.6  13.9  37.2  10.4  99.1  82.0  69.8  28.3  18.9  61.0  95.3  92.3  62.4  56.0  40.6  88.8  45.4  55.1  83.6]\n",
      " [58.0  17.0  23.3  56.8  2.8  27.1  98.5  69.5  80.3  82.1  12.2  15.6  68.1  40.1  14.2  77.1  57.5  2.3  52.2  73.2]\n",
      " [97.2  2.6  87.3  9.2  68.4  18.1  44.2  33.4  83.3  1.6  39.5  85.4  42.9  67.8  40.5  68.3  86.1  59.8  40.4  14.5]\n",
      " [5.2  14.0  77.9  37.8  16.9  21.6  61.5  79.8  97.0  71.5  67.9  39.7  97.6  52.7  22.2  47.8  16.2  7.9  23.2  68.0]\n",
      " [83.4  52.1  32.9  59.2  17.5  27.1  45.1  47.8  93.0  96.0  91.9  63.2  48.6  53.1  50.1  19.1  78.5  60.2  98.8  48.8]\n",
      " [45.6  46.2  29.8  76.8  85.5  77.0  98.6  41.2  84.1  40.8  69.2  25.2  0.3  95.2  72.1  29.4  65.9  20.6  28.0  66.8]\n",
      " [3.9  69.6  64.8  51.8  66.3  51.1  98.6  29.7  84.4  24.5  81.9  47.8  70.6  59.2  44.7  9.8  68.4  9.7  83.0  45.0]\n",
      " [31.1  20.2  65.0  58.8  69.4  5.8  34.8  63.6  20.3  88.0  51.3  60.1  83.2  69.6  2.3  11.5  72.4  24.2  84.6  3.2]\n",
      " [19.6  98.2  19.1  74.5  97.8  87.9  43.1  46.8  42.6  8.4  65.1  10.3  4.7  66.9  30.5  98.7  79.1  48.9  29.6  59.0]\n",
      " [24.2  38.8  96.0  39.4  91.6  39.0  51.9  75.7  3.2  22.9  81.5  6.3  1.1  31.7  63.2  53.3  50.3  75.3  34.6  43.6]\n",
      " [93.0  92.2  84.9  43.3  59.2  32.0  30.0  53.5  25.9  66.7  24.0  93.2  35.8  49.8  15.9  36.9  3.5  75.9  80.3  83.5]]\n",
      "\n",
      "Determinante:\n",
      "1.553289922629554e+39\n",
      "\n",
      "Inversa:\n",
